id,quiet,active,jailed
1,64,1,5
2,64,0,6
3,64,0,6
4,64,0,6
5,64,0,6
6,64,0,6
7,64,0,6
8,64,1,5
9,64,2,4
10,64,0,6
11,64,0,6
12,64,0,6
13,64,0,6
14,64,0,6
15,64,0,6
16,64,0,6
17,64,2,4
18,53,5,12
19,52,2,16
20,56,0,14
21,59,0,11
22,59,0,11
23,59,0,11
24,61,0,9
25,63,0,7
26,64,1,5
27,63,1,6
28,64,1,5
29,64,0,6
30,64,0,6
31,64,0,6
32,64,0,6
33,64,0,6
34,64,0,6
35,64,0,6
36,64,0,6
37,64,0,6
38,64,0,6
39,64,0,6
40,64,0,6
41,64,1,5
42,64,1,5
43,64,0,6
44,64,0,6
45,59,3,8
46,61,2,7
47,62,3,5
48,35,15,20
49,33,7,30
50,34,8,28
51,34,4,32
52,45,0,25
53,49,0,21
54,51,2,17
55,55,1,14
56,59,1,10
57,62,0,8
58,63,0,7
59,56,4,10
60,54,2,14
61,54,1,15
62,57,0,13
63,57,0,13
64,59,0,11
65,62,0,8
66,64,0,6
67,64,0,6
68,63,1,6
69,61,2,7
70,61,0,9
71,61,0,9
72,62,0,8
73,54,4,12
74,41,8,21
75,40,6,24
76,38,9,23
77,27,14,29
78,33,8,29
79,33,5,32
80,38,3,29
81,42,2,26
82,40,4,26
83,45,4,21
84,34,10,26
85,43,2,25
86,50,1,19
87,36,12,22
88,27,12,31
89,27,11,32
90,28,3,39
91,28,6,36
92,28,7,35
93,31,2,37
94,36,3,31
95,47,0,23
96,51,0,19
97,56,0,14
98,58,1,11
99,59,4,7
100,29,20,21
101,27,16,27
102,27,11,32
103,27,9,34
104,27,7,36
105,29,7,34
106,30,5,35
107,31,3,36
108,42,0,28
109,44,0,26
110,48,0,22
111,56,0,14
112,59,1,10
113,61,2,7
114,30,20,20
115,27,14,29
116,27,10,33
117,27,9,34
118,30,5,35
119,30,5,35
120,35,2,33
121,37,7,26
122,31,11,28
123,27,12,31
124,27,11,32
125,28,12,30
126,27,11,32
127,27,12,31
128,27,12,31
129,27,11,32
130,27,9,34
131,27,12,31
132,27,19,24
133,27,19,24
134,27,19,24
135,27,17,26
136,27,17,26
137,27,17,26
138,27,17,26
139,27,16,27
140,27,21,22
141,27,19,24
142,27,19,24
143,27,21,22
144,27,17,26
145,27,13,30
146,27,9,34
147,30,6,34
148,36,6,28
149,46,0,24
150,52,1,17
151,27,19,24
152,27,15,28
153,27,15,28
154,27,11,32
155,27,10,33
156,30,5,35
157,29,6,35
158,40,4,26
159,31,11,28
160,27,14,29
161,29,6,35
162,30,4,36
163,39,0,31
164,46,0,24
165,49,0,21
166,54,1,15
167,41,8,21
168,36,6,28
169,35,7,28
170,35,6,29
171,40,2,28
172,39,3,28
173,36,9,25
174,29,10,31
175,27,11,32
176,27,12,31
177,27,11,32
178,27,10,33
179,27,10,33
180,27,12,31
181,27,15,28
182,27,18,25
183,27,18,25
184,27,15,28
185,27,14,29
186,27,14,29
187,27,19,24
188,27,16,27
189,27,12,31
190,27,16,27
191,28,12,30
192,27,15,28
193,27,11,32
194,27,8,35
195,27,9,34
196,27,14,29
197,27,17,26
198,27,15,28
199,27,14,29
200,27,12,31
201,27,10,33
202,28,8,34
203,28,9,33
204,27,10,33
205,27,7,36
206,35,5,30
207,45,2,23
208,31,12,27
209,27,11,32
210,27,9,34
211,27,5,38
212,27,9,34
213,27,9,34
214,27,6,37
215,27,10,33
216,27,12,31
217,27,14,29
218,27,10,33
219,27,9,34
220,27,9,34
221,27,12,31
222,27,11,32
223,27,14,29
224,27,13,30
225,27,11,32
226,27,11,32
227,27,14,29
228,27,11,32
229,27,11,32
230,27,13,30
231,27,18,25
232,27,17,26
233,27,17,26
234,27,21,22
235,27,25,18
236,27,27,16
237,27,21,22
238,27,18,25
239,27,15,28
240,27,12,31
241,27,13,30
242,27,15,28
243,27,14,29
244,27,16,27
245,27,17,26
246,27,13,30
247,27,12,31
248,27,15,28
249,27,14,29
250,27,12,31
251,29,12,29
252,29,11,30
253,28,8,34
254,27,10,33
255,27,12,31
256,27,10,33
257,28,9,33
258,27,17,26
259,27,14,29
260,27,9,34
261,28,5,37
262,29,6,35
263,29,6,35
264,29,6,35
265,28,8,34
266,28,8,34
267,28,9,33
268,28,7,35
269,37,4,29
270,46,0,24
271,51,1,18
272,60,2,8
273,63,2,5
274,63,3,4
275,29,28,13
276,27,20,23
277,27,16,27
278,27,11,32
279,28,8,34
280,31,7,32
281,30,5,35
282,27,8,35
283,27,7,36
284,28,6,36
285,27,7,36
286,28,6,36
287,28,6,36
288,28,7,35
289,27,12,31
290,27,11,32
291,27,11,32
292,27,16,27
293,27,15,28
294,27,16,27
295,27,14,29
296,27,14,29
297,27,11,32
298,27,11,32
299,27,11,32
300,27,12,31
301,27,9,34
302,27,5,38
303,41,0,29
304,49,0,21
305,52,2,16
306,57,0,13
307,62,0,8
308,63,0,7
309,64,0,6
310,64,0,6
311,64,0,6
312,64,0,6
313,64,1,5
314,64,1,5
315,64,1,5
316,27,20,23
317,27,11,32
318,28,7,35
319,33,5,32
320,30,8,32
321,31,3,36
322,37,0,33
323,43,0,27
324,48,1,21
325,55,0,15
326,60,1,9
327,62,0,8
328,63,0,7
329,29,20,21
330,27,16,27
331,27,11,32
332,27,8,35
333,27,3,40
334,35,1,34
335,41,0,29
336,51,1,18
337,57,0,13
338,60,0,10
339,62,0,8
340,64,0,6
341,27,21,22
342,27,14,29
343,27,10,33
344,27,8,35
345,29,7,34
346,27,8,35
347,27,9,34
348,27,9,34
349,28,9,33
350,27,15,28
351,27,14,29
352,27,15,28
353,27,17,26
354,27,21,22
355,27,22,21
356,27,20,23
357,27,20,23
358,27,23,20
359,27,25,18
360,27,24,19
361,27,27,16
362,27,28,15
363,27,26,17
364,27,22,21
365,27,21,22
366,27,21,22
367,27,21,22
368,27,19,24
369,27,19,24
370,27,21,22
371,27,21,22
372,27,20,23
373,27,16,27
374,27,17,26
375,27,12,31
376,27,8,35
377,29,4,37
378,41,1,28
379,46,1,23
380,52,0,18
381,57,0,13
382,60,0,10
383,62,1,7
384,27,22,21
385,27,11,32
386,34,3,33
387,36,1,33
388,43,1,26
389,46,2,22
390,53,0,17
391,57,0,13
392,60,0,10
393,59,2,9
394,29,21,20
395,27,13,30
396,27,7,36
397,28,10,32
398,41,1,28
399,46,3,21
400,49,0,21
401,55,1,14
402,59,1,10
403,58,0,12
404,60,0,10
405,61,1,8
406,61,2,7
407,61,1,8
408,62,0,8
409,62,3,5
410,57,3,10
411,56,3,11
412,59,0,11
413,59,0,11
414,60,0,10
415,62,0,8
416,63,0,7
417,63,0,7
418,64,1,5
419,64,0,6
420,64,0,6
421,64,0,6
422,64,0,6
423,64,1,5
424,27,24,19
425,27,13,30
426,27,7,36
427,28,4,38
428,34,0,36
429,40,1,29
430,49,2,19
431,57,0,13
432,61,0,9
433,64,0,6
434,64,0,6
435,64,0,6
436,64,0,6
437,64,0,6
438,27,22,21
439,27,12,31
440,28,9,33
441,30,8,32
442,30,7,33
443,32,5,33
444,35,3,32
445,42,3,25
446,47,2,21
447,55,2,13
448,50,4,16
449,51,1,18
450,57,0,13
451,57,1,12
452,54,5,11
453,57,1,12
454,57,2,11
455,57,0,13
456,57,0,13
457,55,1,14
458,59,1,10
459,61,0,9
460,61,0,9
461,63,0,7
462,63,1,6
463,52,5,13
464,50,4,16
465,53,3,14
466,56,0,14
467,58,2,10
468,59,0,11
469,58,1,11
470,55,5,10
471,41,9,20
472,27,13,30
473,27,10,33
474,30,5,35
475,32,5,33
476,42,1,27
477,36,9,25
478,33,8,29
479,34,5,31
480,41,1,28
481,40,3,27
482,42,4,24
483,39,5,26
484,39,5,26
485,37,8,25
486,33,7,30
487,32,8,30
488,27,10,33
489,27,7,36
490,27,11,32
491,27,14,29
492,27,12,31
493,27,11,32
494,27,9,34
495,27,6,37
496,28,6,36
497,38,0,32
498,48,0,22
499,49,0,21
500,58,1,11
501,33,17,20
502,27,20,23
503,27,19,24
504,27,19,24
505,27,17,26
506,27,13,30
507,27,16,27
508,27,11,32
509,27,7,36
510,28,5,37
511,27,10,33
512,27,15,28
513,27,16,27
514,27,14,29
515,27,11,32
516,27,15,28
517,27,15,28
518,27,13,30
519,27,12,31
520,27,11,32
521,27,15,28
522,27,15,28
523,27,13,30
524,27,13,30
525,27,13,30
526,27,13,30
527,27,17,26
528,27,20,23
529,27,17,26
530,27,16,27
531,27,13,30
532,27,13,30
533,27,18,25
534,27,15,28
535,27,16,27
536,27,16,27
537,27,17,26
538,27,18,25
539,27,20,23
540,27,19,24
541,27,19,24
542,27,16,27
543,27,18,25
544,27,17,26
545,27,16,27
546,27,13,30
547,27,13,30
548,27,14,29
549,27,14,29
550,27,15,28
551,27,16,27
552,27,13,30
553,27,11,32
554,27,11,32
555,27,11,32
556,27,8,35
557,27,8,35
558,27,12,31
559,27,11,32
560,27,15,28
561,27,16,27
562,27,15,28
563,27,20,23
564,27,14,29
565,27,17,26
566,27,14,29
567,27,17,26
568,27,18,25
569,27,22,21
570,27,17,26
571,27,12,31
572,27,16,27
573,27,10,33
574,27,4,39
575,29,5,36
576,29,7,34
577,29,5,36
578,28,7,35
579,29,4,37
580,38,0,32
581,42,1,27
582,51,0,19
583,31,17,22
584,27,17,26
585,27,16,27
586,27,12,31
587,27,10,33
588,27,8,35
589,27,10,33
590,27,10,33
591,27,7,36
592,32,2,36
593,44,1,25
594,48,1,21
595,49,1,20
596,55,0,15
597,28,21,21
598,27,17,26
599,27,14,29
600,27,8,35
601,30,6,34
602,27,6,37
603,31,7,32
604,27,10,33
605,28,10,32
606,27,14,29
607,27,13,30
608,27,12,31
609,27,11,32
610,27,8,35
611,27,11,32
612,27,8,35
613,27,11,32
614,27,6,37
615,27,8,35
616,27,9,34
617,27,10,33
618,27,12,31
619,27,11,32
620,27,13,30
621,27,19,24
622,27,22,21
623,27,22,21
624,27,19,24
625,27,15,28
626,27,13,30
627,27,15,28
628,28,11,31
629,27,10,33
630,27,14,29
631,27,10,33
632,27,15,28
633,27,16,27
634,27,21,22
635,27,20,23
636,27,15,28
637,27,19,24
638,27,20,23
639,27,14,29
640,27,13,30
641,27,11,32
642,27,13,30
643,27,13,30
644,27,12,31
645,27,9,34
646,28,9,33
647,27,7,36
648,27,7,36
649,29,10,31
650,27,9,34
651,27,8,35
652,27,6,37
653,27,9,34
654,29,4,37
655,40,0,30
656,48,0,22
657,54,1,15
658,57,1,12
659,60,1,9
660,63,0,7
661,60,1,9
662,27,24,19
663,27,15,28
664,27,8,35
665,27,11,32
666,27,7,36
667,29,5,36
668,37,1,32
669,31,12,27
670,28,7,35
671,29,9,32
672,27,9,34
673,27,11,32
674,27,8,35
675,30,3,37
676,41,0,29
677,49,0,21
678,53,0,17
679,58,0,12
680,60,1,9
681,31,18,21
682,27,14,29
683,27,13,30
684,27,11,32
685,27,10,33
686,27,10,33
687,27,10,33
688,27,10,33
689,27,10,33
690,27,8,35
691,27,3,40
692,29,10,31
693,27,13,30
694,27,13,30
695,27,9,34
696,27,10,33
697,27,7,36
698,28,6,36
699,27,10,33
700,27,7,36
701,28,7,35
702,27,8,35
703,27,9,34
704,28,10,32
705,27,7,36
706,27,9,34
707,27,13,30
708,27,12,31
709,27,14,29
710,27,15,28
711,27,19,24
712,27,19,24
713,27,15,28
714,27,16,27
715,27,20,23
716,27,20,23
717,27,19,24
718,27,17,26
719,27,15,28
720,27,17,26
721,27,18,25
722,27,19,24
723,27,13,30
724,27,16,27
725,27,16,27
726,27,14,29
727,27,13,30
728,27,14,29
729,27,12,31
730,27,8,35
731,27,8,35
732,27,8,35
733,27,9,34
734,27,11,32
735,27,10,33
736,27,13,30
737,27,14,29
738,27,12,31
739,27,14,29
740,27,13,30
741,27,10,33
742,27,9,34
743,27,9,34
744,27,10,33
745,27,12,31
746,27,12,31
747,27,12,31
748,27,8,35
749,27,14,29
750,27,17,26
751,27,12,31
752,27,13,30
753,27,11,32
754,27,12,31
755,27,12,31
756,27,12,31
757,27,9,34
758,27,12,31
759,27,5,38
760,28,6,36
761,28,5,37
762,28,6,36
763,36,2,32
764,30,5,35
765,28,9,33
766,27,10,33
767,27,14,29
768,27,21,22
769,27,17,26
770,27,16,27
771,27,11,32
772,27,11,32
773,27,9,34
774,27,6,37
775,27,4,39
776,27,6,37
777,27,8,35
778,29,5,36
779,27,8,35
780,27,11,32
781,27,9,34
782,27,11,32
783,27,11,32
784,27,17,26
785,27,14,29
786,27,13,30
787,27,14,29
788,27,10,33
789,27,12,31
790,27,12,31
791,27,10,33
792,27,12,31
793,27,13,30
794,27,14,29
795,27,13,30
796,27,12,31
797,27,13,30
798,27,15,28
799,27,18,25
800,27,20,23
801,27,20,23
802,27,24,19
803,27,23,20
804,27,21,22
805,27,17,26
806,27,16,27
807,27,15,28
808,27,15,28
809,27,16,27
810,27,12,31
811,30,8,32
812,27,11,32
813,29,5,36
814,36,2,32
815,27,12,31
816,27,12,31
817,27,11,32
818,27,14,29
819,27,15,28
820,27,16,27
821,27,15,28
822,27,14,29
823,27,11,32
824,27,14,29
825,27,12,31
826,27,13,30
827,27,10,33
828,27,11,32
829,27,11,32
830,27,12,31
831,27,16,27
832,27,16,27
833,27,11,32
834,27,11,32
835,27,11,32
836,27,12,31
837,27,10,33
838,27,11,32
839,27,10,33
840,28,7,35
841,27,9,34
842,27,5,38
843,37,0,33
844,42,0,28
845,48,1,21
846,29,16,25
847,27,15,28
848,27,21,22
849,27,22,21
850,27,18,25
851,27,16,27
852,27,14,29
853,27,10,33
854,27,9,34
855,27,8,35
856,27,9,34
857,27,15,28
858,27,15,28
859,27,18,25
860,27,19,24
861,27,22,21
862,27,18,25
863,27,19,24
864,27,20,23
865,27,19,24
866,27,18,25
867,27,16,27
868,27,13,30
869,27,11,32
870,27,9,34
871,27,7,36
872,27,8,35
873,42,0,28
874,49,0,21
875,52,0,18
876,55,2,13
877,27,19,24
878,27,12,31
879,27,15,28
880,27,12,31
881,27,12,31
882,28,7,35
883,28,7,35
884,29,4,37
885,43,1,26
886,48,0,22
887,54,0,16
888,60,1,9
889,61,0,9
890,63,0,7
891,47,11,12
892,33,11,26
893,30,8,32
894,28,8,34
895,28,4,38
896,33,0,37
897,39,0,31
898,49,0,21
899,55,0,15
900,52,3,15
901,56,0,14
902,60,0,10
903,59,1,10
904,60,0,10
905,60,0,10
906,61,0,9
907,64,0,6
908,64,0,6
909,64,0,6
910,64,0,6
911,64,1,5
912,64,1,5
913,63,1,6
914,63,0,7
915,62,1,7
916,61,1,8
917,57,3,10
918,56,3,11
919,55,3,12
920,57,0,13
921,59,0,11
922,60,0,10
923,61,0,9
924,62,0,8
925,62,2,6
926,63,0,7
927,64,0,6
928,64,0,6
929,44,11,15
930,27,11,32
931,28,8,34
932,28,9,33
933,28,9,33
934,27,7,36
935,28,12,30
936,27,9,34
937,29,8,33
938,31,5,34
939,34,4,32
940,41,0,29
941,48,0,22
942,53,1,16
943,57,0,13
944,61,0,9
945,63,0,7
946,64,0,6
947,64,0,6
948,38,14,18
949,33,8,29
950,38,4,28
951,45,0,25
952,52,0,18
953,53,0,17
954,56,0,14
955,58,0,12
956,62,1,7
957,61,2,7
958,27,21,22
959,27,14,29
960,27,7,36
961,31,6,33
962,32,4,34
963,33,2,35
964,39,3,28
965,52,1,17
966,58,0,12
967,59,0,11
968,61,0,9
969,62,2,6
970,37,13,20
971,27,12,31
972,32,5,33
973,34,3,33
974,42,0,28
975,47,0,23
976,54,0,16
977,59,0,11
978,62,0,8
979,63,0,7
980,62,1,7
981,63,1,6
982,62,1,7
983,62,0,8
984,63,0,7
985,63,0,7
986,64,0,6
987,64,0,6
988,64,0,6
989,64,0,6
990,64,0,6
991,64,0,6
992,63,2,5
993,57,4,9
994,27,19,24
995,27,10,33
996,29,6,35
997,32,3,35
998,37,1,32
999,43,0,27
1000,49,0,21
